# Blender 3.6.2
# www.blender.org
o Cube
v -0.348144 -0.159412 -0.116935
v -0.179452 -0.173057 0.313271
v -0.236143 0.288128 -0.146659
v -0.067451 0.274484 0.283547
v 0.067451 -0.274484 -0.283547
v 0.236143 -0.288128 0.146659
v 0.179452 0.173057 -0.313271
v 0.348144 0.159412 0.116935
vn -0.8990 0.2489 0.3604
vn 0.2423 0.9681 -0.0643
vn 0.8990 -0.2489 -0.3604
vn -0.2423 -0.9681 0.0643
vn -0.3649 0.0295 -0.9306
vn 0.3649 -0.0295 0.9306
vt 0.625000 0.000000
vt 0.375000 0.250000
vt 0.375000 0.000000
vt 0.625000 0.250000
vt 0.375000 0.500000
vt 0.625000 0.500000
vt 0.375000 0.750000
vt 0.625000 0.750000
vt 0.375000 1.000000
vt 0.125000 0.750000
vt 0.125000 0.500000
vt 0.875000 0.500000
vt 0.625000 1.000000
vt 0.875000 0.750000
s 0
f 2/1/1 3/2/1 1/3/1
f 4/4/2 7/5/2 3/2/2
f 8/6/3 5/7/3 7/5/3
f 6/8/4 1/9/4 5/7/4
f 7/5/5 1/10/5 3/11/5
f 4/12/6 6/8/6 8/6/6
f 2/1/1 4/4/1 3/2/1
f 4/4/2 8/6/2 7/5/2
f 8/6/3 6/8/3 5/7/3
f 6/8/4 2/13/4 1/9/4
f 7/5/5 5/7/5 1/10/5
f 4/12/6 2/14/6 6/8/6
o Cube.001
v -1.784831 0.570128 0.949694
v -1.410563 0.501555 1.452423
v -1.540287 1.141864 0.845624
v -1.166020 1.073291 1.348353
v -1.340267 0.313359 0.583706
v -0.965999 0.244786 1.086435
v -1.095723 0.885096 0.479636
v -0.721456 0.816523 0.982365
vn -0.7051 0.4073 0.5805
vn 0.3879 0.9068 -0.1651
vn 0.7051 -0.4073 -0.5805
vn -0.3879 -0.9068 0.1651
vn -0.5936 0.1088 -0.7974
vn 0.5936 -0.1088 0.7974
vt 0.625000 0.000000
vt 0.375000 0.250000
vt 0.375000 0.000000
vt 0.625000 0.250000
vt 0.375000 0.500000
vt 0.625000 0.500000
vt 0.375000 0.750000
vt 0.625000 0.750000
vt 0.375000 1.000000
vt 0.125000 0.750000
vt 0.125000 0.500000
vt 0.875000 0.500000
vt 0.625000 1.000000
vt 0.875000 0.750000
s 0
f 10/15/7 11/16/7 9/17/7
f 12/18/8 15/19/8 11/16/8
f 16/20/9 13/21/9 15/19/9
f 14/22/10 9/23/10 13/21/10
f 15/19/11 9/24/11 11/25/11
f 12/26/12 14/22/12 16/20/12
f 10/15/7 12/18/7 11/16/7
f 12/18/8 16/20/8 15/19/8
f 16/20/9 14/22/9 13/21/9
f 14/22/10 10/27/10 9/23/10
f 15/19/11 13/21/11 9/24/11
f 12/26/12 10/28/12 14/22/12
o Cube.002
v 1.739419 -0.139569 -0.188719
v 2.337515 -0.254450 0.229103
v 1.988599 0.534236 -0.360145
v 2.586694 0.419355 0.057676
v 2.093936 -0.419355 -0.773123
v 2.692031 -0.534236 -0.355302
v 2.343116 0.254450 -0.944550
v 2.941211 0.139569 -0.526728
vn -0.4800 0.3788 0.7913
vn 0.3374 0.9123 -0.2321
vn 0.4800 -0.3788 -0.7913
vn -0.3374 -0.9123 0.2321
vn -0.8098 0.1555 -0.5657
vn 0.8098 -0.1555 0.5657
vt 0.625000 0.000000
vt 0.375000 0.250000
vt 0.375000 0.000000
vt 0.625000 0.250000
vt 0.375000 0.500000
vt 0.625000 0.500000
vt 0.375000 0.750000
vt 0.625000 0.750000
vt 0.375000 1.000000
vt 0.125000 0.750000
vt 0.125000 0.500000
vt 0.875000 0.500000
vt 0.625000 1.000000
vt 0.875000 0.750000
s 0
f 18/29/13 19/30/13 17/31/13
f 20/32/14 23/33/14 19/30/14
f 24/34/15 21/35/15 23/33/15
f 22/36/16 17/37/16 21/35/16
f 23/33/17 17/38/17 19/39/17
f 20/40/18 22/36/18 24/34/18
f 18/29/13 20/32/13 19/30/13
f 20/32/14 24/34/14 23/33/14
f 24/34/15 22/36/15 21/35/15
f 22/36/16 18/41/16 17/37/16
f 23/33/17 21/35/17 17/38/17
f 20/40/18 18/42/18 22/36/18
o Cube.003
v -0.823249 -2.012499 0.588015
v -0.689785 -1.743540 1.116950
v -0.659683 -1.508028 0.290225
v -0.526220 -1.239069 0.819159
v -0.252848 -2.220089 0.549647
v -0.119384 -1.951131 1.078582
v -0.089282 -1.715619 0.251857
v 0.044181 -1.446660 0.780792
vn -0.9378 0.3413 0.0631
vn 0.2689 0.8294 -0.4896
vn 0.9378 -0.3413 -0.0631
vn -0.2689 -0.8294 0.4896
vn -0.2194 -0.4422 -0.8697
vn 0.2194 0.4422 0.8697
vt 0.625000 0.000000
vt 0.375000 0.250000
vt 0.375000 0.000000
vt 0.625000 0.250000
vt 0.375000 0.500000
vt 0.625000 0.500000
vt 0.375000 0.750000
vt 0.625000 0.750000
vt 0.375000 1.000000
vt 0.125000 0.750000
vt 0.125000 0.500000
vt 0.875000 0.500000
vt 0.625000 1.000000
vt 0.875000 0.750000
s 0
f 26/43/19 27/44/19 25/45/19
f 28/46/20 31/47/20 27/44/20
f 32/48/21 29/49/21 31/47/21
f 30/50/22 25/51/22 29/49/22
f 31/47/23 25/52/23 27/53/23
f 28/54/24 30/50/24 32/48/24
f 26/43/19 28/46/19 27/44/19
f 28/46/20 32/48/20 31/47/20
f 32/48/21 30/50/21 29/49/21
f 30/50/22 26/55/22 25/51/22
f 31/47/23 29/49/23 25/52/23
f 28/54/24 26/56/24 30/50/24
